# Matter power spectrum P(k) for dark radiation density isocurvature (DRID) mode at redshift z=0
# for k=1.02841e-05 to 1.55531 h/Mpc,
# number of wavenumbers equal to 600
#    1:k (h/Mpc)              2:P (Mpc/h)^3        
       1.028412559098e-05       2.684374711962e-02 
       2.333453144735e-05       2.318694685375e-03 
       3.643121332748e-05       6.185784634695e-04 
       4.961034196751e-05       2.498826616794e-04 
       6.290869455762e-05       1.253822852241e-04 
       7.636399132375e-05       7.170077556080e-05 
       9.001524304110e-05       4.463406539324e-05 
       1.039031142183e-04       2.939103668544e-05 
       1.180703067255e-04       2.001300434493e-05 
       1.325619686753e-04       1.384510523748e-05 
       1.474261333657e-04       9.557815436953e-06 
       1.627141930218e-04       6.446281509556e-06 
       1.784814118530e-04       4.112832251517e-06 
       1.947874825108e-04       2.377634025329e-06 
       2.116971292489e-04       1.106748985054e-06 
       2.292807598255e-04       2.992916407775e-07 
       2.476151662285e-04       7.486432457246e-11 
       2.667842714019e-04       3.317800639363e-07 
       2.868799149822e-04       1.498687455344e-06 
       3.080026652374e-04       3.824457322672e-06 
       3.302626364911e-04       7.772545908180e-06 
       3.537802808691e-04       1.404511581017e-05 
       3.786871097972e-04       2.360727493627e-05 
       4.051262840866e-04       3.789661726504e-05 
       4.332529917938e-04       5.894159296314e-05 
       4.632345111314e-04       8.967480357756e-05 
       4.952498333875e-04       1.343579154400e-04 
       5.294887014118e-04       1.989402696001e-04 
       5.661499079706e-04       2.922106184446e-04 
       6.054387023594e-04       4.262872188972e-04 
       6.475631818406e-04       6.190656479099e-04 
       6.927296054801e-04       8.953306756654e-04 
       7.411366677728e-04       1.289868362047e-03 
       7.929689072270e-04       1.850969134306e-03 
       8.483895888615e-04       2.645248639663e-03 
       9.075335636491e-04       3.761765183911e-03 
       9.705007345143e-04       5.319923736650e-03 
       1.037350805672e-03       7.475376152017e-03 
       1.108099927639e-03       1.041908566846e-02 
       1.182719666544e-03       1.441023447062e-02 
       1.261138449528e-03       1.975840779809e-02 
       1.343245324110e-03       2.683765869836e-02 
       1.428895588007e-03       3.634300216056e-02 
       1.517917656412e-03       4.932648915187e-02 
       1.610120466737e-03       6.578739843551e-02 
       1.705300771425e-03       8.644038760968e-02 
       1.803249805195e-03       1.120888625515e-01 
       1.903758989164e-03       1.436427879287e-01 
       2.006624509401e-03       1.820124994861e-01 
       2.111650753064e-03       2.282797731043e-01 
       2.218652688422e-03       2.835480771680e-01 
       2.327457335248e-03       3.489881884791e-01 
       2.437904496645e-03       4.258117279189e-01 
       2.549846922475e-03       5.153042297714e-01 
       2.663150058189e-03       6.187996838622e-01 
       2.777691509010e-03       7.375925986681e-01 
       2.893360323611e-03       8.731450527446e-01 
       3.010056177161e-03       1.026746617171e+00 
       3.127688512448e-03       1.199863099494e+00 
       3.246175680514e-03       1.393872847412e+00 
       3.365444108620e-03       1.610190599015e+00 
       3.485427513052e-03       1.850122922804e+00 
       3.606066166745e-03       2.115103369537e+00 
       3.727306226337e-03       2.406492248738e+00 
       3.849099119560e-03       2.725402565229e+00 
       3.971400991494e-03       3.073186876179e+00 
       4.094172206660e-03       3.451241854017e+00 
       4.217376903101e-03       3.860492573307e+00 
       4.340982594169e-03       4.302188459842e+00 
       4.464959813675e-03       4.777539666158e+00 
       4.589281800096e-03       5.287330507118e+00 
       4.713924215813e-03       5.832750477882e+00 
       4.838864897574e-03       6.414728551221e+00 
       4.964083634764e-03       7.034070926641e+00 
       5.089561972309e-03       7.691786897995e+00 
       5.215283035423e-03       8.388383587686e+00 
       5.341231373683e-03       9.124853397318e+00 
       5.467392822177e-03       9.901622102689e+00 
       5.593754377759e-03       1.071931550634e+01 
       5.720304088651e-03       1.157838487330e+01 
       5.847030955858e-03       1.247972408308e+01 
       5.973924845012e-03       1.342311471481e+01 
       6.100976407471e-03       1.440950790771e+01 
       6.228177009598e-03       1.543839010839e+01 
       6.355518669310e-03       1.651083169424e+01 
       6.482993999063e-03       1.762644963756e+01 
       6.610596154561e-03       1.878573290046e+01 
       6.738318788565e-03       1.998855945498e+01 
       6.866156009221e-03       2.123463352868e+01 
       6.994102342445e-03       2.252465272786e+01 
       7.122152697900e-03       2.385762517392e+01 
       7.246376811594e-03       2.519122777631e+01 
       7.250302338206e-03       2.523402023954e+01 
       7.378546851026e-03       2.665353326853e+01 
       7.506882123738e-03       2.811552968772e+01 
       7.635304320423e-03       2.962012455059e+01 
       7.763809860932e-03       3.116703539353e+01 
       7.892395401822e-03       3.275484371110e+01 
       8.021057818978e-03       3.438465897060e+01 
       8.149794191750e-03       3.605505146375e+01 
       8.278601788459e-03       3.776559639621e+01 
       8.407478053141e-03       3.951561598904e+01 
       8.536420593410e-03       4.130485140713e+01 
       8.665427169331e-03       4.313265255572e+01 
       8.794495683215e-03       4.499780005551e+01 
       8.923624170250e-03       4.689969211736e+01 
       9.052810789881e-03       4.883793182024e+01 
       9.182053817888e-03       5.081265577127e+01 
       9.311351639089e-03       5.282115654508e+01 
       9.440702740614e-03       5.486285270432e+01 
       9.570105705704e-03       5.693834304542e+01 
       9.699559207984e-03       5.904531382962e+01 
       9.829062006178e-03       6.118434102323e+01 
       9.958612939215e-03       6.335278295763e+01 
       1.008821092172e-02       6.555004845274e+01 
       1.021785493980e-02       6.777739715439e+01 
       1.034754404722e-02       7.003059115057e+01 
       1.047727736175e-02       7.231155516372e+01 
       1.060705406187e-02       7.461489106778e+01 
       1.073687338368e-02       7.694344508078e+01 
       1.086673461802e-02       7.929586107634e+01 
       1.099663710781e-02       8.166994183867e+01 
       1.112658024557e-02       8.406563743828e+01 
       1.125656347115e-02       8.648032057143e+01 
       1.138658626955e-02       8.891489241332e+01 
       1.151664816898e-02       9.136646065624e+01 
       1.164674873898e-02       9.383443066540e+01 
       1.177688758870e-02       9.631885420046e+01 
       1.190706436535e-02       9.881578293790e+01 
       1.203727875266e-02       1.013272787149e+02 
       1.216753046951e-02       1.038501652552e+02 
       1.229781926869e-02       1.063849395599e+02 
       1.242814493566e-02       1.089288855017e+02 
       1.255850728745e-02       1.114820954192e+02 
       1.268890617165e-02       1.140417676353e+02 
       1.281934146543e-02       1.166100783523e+02 
       1.294981307468e-02       1.191822670489e+02 
       1.308032093317e-02       1.217575119994e+02 
       1.321086500180e-02       1.243385684299e+02 
       1.334144526789e-02       1.269186608963e+02 
       1.347206174455e-02       1.295017037293e+02 
       1.360271447005e-02       1.320846236592e+02 
       1.373340350729e-02       1.346655601658e+02 
       1.386412894333e-02       1.372443047932e+02 
       1.399489088885e-02       1.398197871551e+02 
       1.412568947781e-02       1.423908949754e+02 
       1.425652486702e-02       1.449563257154e+02 
       1.438739723581e-02       1.475149309489e+02 
       1.449275362319e-02       1.495694618959e+02 
       1.451830678571e-02       1.500663346731e+02 
       1.464925374020e-02       1.526095333583e+02 
       1.478023834441e-02       1.551433235474e+02 
       1.491126086498e-02       1.576654899341e+02 
       1.504232158981e-02       1.601764745283e+02 
       1.517342082791e-02       1.626760235328e+02 
       1.530455890930e-02       1.651612202908e+02 
       1.543573618486e-02       1.676317786133e+02 
       1.556695302630e-02       1.700881173908e+02 
       1.569820982603e-02       1.725264393828e+02 
       1.582950699718e-02       1.749492999068e+02 
       1.596084497356e-02       1.773538213452e+02 
       1.609222420969e-02       1.797402844034e+02 
       1.622364518078e-02       1.821057235352e+02 
       1.635510838282e-02       1.844523575965e+02 
       1.648661433265e-02       1.867758018013e+02 
       1.661816356800e-02       1.890774892006e+02 
       1.674975664765e-02       1.913581583009e+02 
       1.688139415151e-02       1.936144998842e+02 
       1.701307668080e-02       1.958456882277e+02 
       1.714480485816e-02       1.980550480283e+02 
       1.727657932788e-02       2.002341311193e+02 
       1.740840075606e-02       2.023889687667e+02 
       1.754026983083e-02       2.045185019204e+02 
       1.767218726260e-02       2.066179242212e+02 
       1.780415378424e-02       2.086909381624e+02 
       1.793617015142e-02       2.107326497691e+02 
       1.806823714286e-02       2.127473324843e+02 
       1.820035556059e-02       2.147285836283e+02 
       1.833252623031e-02       2.166826296456e+02 
       1.846475000170e-02       2.186053436107e+02 
       1.859702774877e-02       2.204943845183e+02 
       1.872936037020e-02       2.223525276909e+02 
       1.886174878976e-02       2.241786265181e+02 
       1.899419395666e-02       2.259722877674e+02 
       1.912669684601e-02       2.277313603150e+02 
       1.925925845921e-02       2.294554619535e+02 
       1.939187982442e-02       2.311468721866e+02 
       1.952456199702e-02       2.328037951931e+02 
       1.965730606011e-02       2.344250775194e+02 
       1.979011312499e-02       2.360101038600e+02 
       1.992298433167e-02       2.375618926513e+02 
       2.005592084945e-02       2.390762108610e+02 
       2.018892387747e-02       2.405540045324e+02 
       2.032199464525e-02       2.419945183069e+02 
       2.045513441333e-02       2.434004368958e+02 
       2.058834447387e-02       2.447667783380e+02 
       2.072162615132e-02       2.460976759589e+02 
       2.085498080302e-02       2.473905726428e+02 
       2.098840981994e-02       2.486456514529e+02 
       2.112191462737e-02       2.498628063317e+02 
       2.125549668563e-02       2.510430981100e+02 
       2.138915749085e-02       2.521855936993e+02 
       2.152289857573e-02       2.532893160330e+02 
       2.165672151034e-02       2.543530289034e+02 
       2.179062790295e-02       2.553796315980e+02 
       2.192461940087e-02       2.563689024157e+02 
       2.205869769138e-02       2.573182583614e+02 
       2.219286450254e-02       2.582294918350e+02 
       2.232712160423e-02       2.591023063222e+02 
       2.246147080905e-02       2.599368477000e+02 
       2.259591397332e-02       2.607319797912e+02 
       2.273045299813e-02       2.614890916604e+02 
       2.286508983037e-02       2.622069035080e+02 
       2.299982646385e-02       2.628869857899e+02 
       2.313466494041e-02       2.635298387841e+02 
       2.326960735105e-02       2.641337946302e+02 
       2.340465583717e-02       2.646983994639e+02 
       2.353981259181e-02       2.652249025078e+02 
       2.367507986086e-02       2.657149869984e+02 
       2.381045994443e-02       2.661674700124e+02 
       2.394595519819e-02       2.665817160327e+02 
       2.408156803474e-02       2.669565057361e+02 
       2.421730092510e-02       2.672958690874e+02 
       2.435315640014e-02       2.675961054185e+02 
       2.448913705218e-02       2.678621030639e+02 
       2.462524553649e-02       2.680903679348e+02 
       2.476148457300e-02       2.682808592897e+02 
       2.489785694796e-02       2.684351340267e+02 
       2.503436551566e-02       2.685555362794e+02 
       2.517101320028e-02       2.686378847064e+02 
       2.530780299770e-02       2.686841760109e+02 
       2.544473797743e-02       2.686967695050e+02 
       2.558182128461e-02       2.686726687980e+02 
       2.571905614206e-02       2.686143654201e+02 
       2.585644585238e-02       2.685208505986e+02 
       2.599399380014e-02       2.683947060500e+02 
       2.613170345416e-02       2.682332443917e+02 
       2.626957836985e-02       2.680397424762e+02 
       2.640762219159e-02       2.678114305816e+02 
       2.654583865529e-02       2.675498855895e+02 
       2.668423159097e-02       2.672560518149e+02 
       2.682280492538e-02       2.669309417667e+02 
       2.696156268488e-02       2.665730704170e+02 
       2.710050899822e-02       2.661829281595e+02 
       2.723964809955e-02       2.657623688609e+02 
       2.737898433152e-02       2.653108433395e+02 
       2.751852214844e-02       2.648286394014e+02 
       2.765826611962e-02       2.643165232485e+02 
       2.779822093278e-02       2.637740660886e+02 
       2.793839139761e-02       2.632021280384e+02 
       2.807878244945e-02       2.626018422943e+02 
       2.821939915313e-02       2.619731648793e+02 
       2.836024670693e-02       2.613153273912e+02 
       2.850133044671e-02       2.606307700665e+02 
       2.864265585015e-02       2.599177109829e+02 
       2.878422854125e-02       2.591783189499e+02 
       2.892605429489e-02       2.584121259688e+02 
       2.906813904165e-02       2.576197589711e+02 
       2.921048887277e-02       2.568019681546e+02 
       2.935311004534e-02       2.559589322424e+02 
       2.949600898770e-02       2.550904829357e+02 
       2.963919230502e-02       2.541977715144e+02 
       2.978266678511e-02       2.532812718985e+02 
       2.992643940455e-02       2.523407578264e+02 
       3.007051733493e-02       2.513773252712e+02 
       3.021490794948e-02       2.503910595055e+02 
       3.035961882993e-02       2.493822077803e+02 
       3.050465777360e-02       2.483518146834e+02 
       3.065003280092e-02       2.473004595777e+02 
       3.079575216314e-02       2.462273131873e+02 
       3.094182435048e-02       2.451339488533e+02 
       3.108825810057e-02       2.440205252237e+02 
       3.123506240729e-02       2.428873475639e+02 
       3.138224653001e-02       2.417345080740e+02 
       3.152982000319e-02       2.405631230249e+02 
       3.167779264652e-02       2.393735968366e+02 
       3.182617457542e-02       2.381654278762e+02 
       3.197497621211e-02       2.369404827773e+02 
       3.212420829708e-02       2.356980413975e+02 
       3.227388190124e-02       2.344389567794e+02 
       3.242400843858e-02       2.331638723784e+02 
       3.257459967937e-02       2.318725723498e+02 
       3.272566776415e-02       2.305667257980e+02 
       3.287722521826e-02       2.292455887125e+02 
       3.302928496716e-02       2.279097397912e+02 
       3.318186035254e-02       2.265598544310e+02 
       3.333496514912e-02       2.251960921345e+02 
       3.348861358247e-02       2.238199047810e+02 
       3.364282034761e-02       2.224301137496e+02 
       3.379760062863e-02       2.210281195391e+02 
       3.395297011936e-02       2.196140707887e+02 
       3.410894504507e-02       2.181887305282e+02 
       3.426554218541e-02       2.167524860788e+02 
       3.442277889853e-02       2.153049595893e+02 
       3.458067314653e-02       2.138474159991e+02 
       3.473924352237e-02       2.123796072922e+02 
       3.489850927820e-02       2.109025051936e+02 
       3.505849035534e-02       2.094160828672e+02 
       3.521920741601e-02       2.079209548413e+02 
       3.538068187678e-02       2.064178538541e+02 
       3.554293594411e-02       2.049062885440e+02 
       3.570599265188e-02       2.033879310277e+02 
       3.586987590125e-02       2.018614628177e+02 
       3.603461050288e-02       2.003285602976e+02 
       3.620022222175e-02       1.987892547714e+02 
       3.636673782475e-02       1.972441178821e+02 
       3.653418513129e-02       1.956940139699e+02 
       3.670259306711e-02       1.941370005711e+02 
       3.687199172149e-02       1.925761616716e+02 
       3.704241240831e-02       1.910101148147e+02 
       3.721388773101e-02       1.894407215764e+02 
       3.738645165197e-02       1.878673407628e+02 
       3.756013956659e-02       1.862905318617e+02 
       3.773498838238e-02       1.847107576326e+02 
       3.791103660361e-02       1.831283290046e+02 
       3.808832442192e-02       1.815433867983e+02 
       3.826689381338e-02       1.799564693012e+02 
       3.844678864257e-02       1.783677670358e+02 
       3.862805477434e-02       1.767787870431e+02 
       3.881074019387e-02       1.751876999651e+02 
       3.899489513577e-02       1.735971990467e+02 
       3.918057222317e-02       1.720059403753e+02 
       3.936782661753e-02       1.704149551216e+02 
       3.955671618032e-02       1.688249493578e+02 
       3.974730164770e-02       1.672356826021e+02 
       3.993964681935e-02       1.656477745742e+02 
       4.013381876301e-02       1.640614972463e+02 
       4.032988803607e-02       1.624773731777e+02 
       4.052792892625e-02       1.608957039266e+02 
       4.072801971300e-02       1.593174999532e+02 
       4.093024295208e-02       1.577417005375e+02 
       4.113468578558e-02       1.561699916641e+02 
       4.134144028033e-02       1.546018668274e+02 
       4.155060379763e-02       1.530389439391e+02 
       4.176227939797e-02       1.514804362759e+02 
       4.197657628467e-02       1.499275843689e+02 
       4.219361029095e-02       1.483810567867e+02 
       4.241350441563e-02       1.468399251040e+02 
       4.263638941325e-02       1.453058501821e+02 
       4.286240444534e-02       1.437791961963e+02 
       4.309169780052e-02       1.422606687100e+02 
       4.332442769209e-02       1.407505728638e+02 
       4.356076314340e-02       1.392490734006e+02 
       4.380088497240e-02       1.377577568965e+02 
       4.404498688909e-02       1.362765752734e+02 
       4.429327672121e-02       1.348062101336e+02 
       4.454597778650e-02       1.333472765276e+02 
       4.480333043253e-02       1.319021167359e+02 
       4.506559376895e-02       1.304701088334e+02 
       4.533304762093e-02       1.290529312634e+02 
       4.560599473824e-02       1.276507403773e+02 
       4.588476329991e-02       1.262654590072e+02 
       4.616970976244e-02       1.248977472875e+02 
       4.646122210828e-02       1.235488752868e+02 
       4.675972356217e-02       1.222213959846e+02 
       4.706567685674e-02       1.209157336505e+02 
       4.737958914479e-02       1.196348550763e+02 
       4.770201767611e-02       1.183795479580e+02 
       4.803357638187e-02       1.171531320167e+02 
       4.837494354041e-02       1.159565149798e+02 
       4.872687073731e-02       1.147959187644e+02 
       4.909019338088e-02       1.136709309069e+02 
       4.946584309549e-02       1.125862778018e+02 
       4.985486239192e-02       1.115467310858e+02 
       5.025842211141e-02       1.105586304426e+02 
       5.067784226391e-02       1.096242546785e+02 
       5.111461703865e-02       1.087514618295e+02 
       5.157044496582e-02       1.079487839877e+02 
       5.204726546434e-02       1.072233177980e+02 
       5.254730333605e-02       1.065856555813e+02 
       5.307312317779e-02       1.060488667080e+02 
       5.362769619685e-02       1.056246381876e+02 
       5.421448254396e-02       1.053321793356e+02 
       5.483753302069e-02       1.051895463134e+02 
       5.550161483578e-02       1.052219867168e+02 
       5.621236685917e-02       1.054570356150e+02 
       5.697649026558e-02       1.059299985933e+02 
       5.780197994418e-02       1.066807810864e+02 
       5.869839929942e-02       1.077571384076e+02 
       5.967719360637e-02       1.092151253378e+02 
       6.075202039364e-02       1.111168659380e+02 
       6.193904182044e-02       1.135289656846e+02 
       6.325706278833e-02       1.165120186427e+02 
       6.472729914943e-02       1.201033157095e+02 
       6.637242881919e-02       1.242851598583e+02 
       6.821447790535e-02       1.289344229734e+02 
       7.027120623908e-02       1.337530621658e+02 
       7.255127732672e-02       1.382087029018e+02 
       7.504972585530e-02       1.415306332849e+02 
       7.774630822446e-02       1.428277031290e+02 
       8.060862224015e-02       1.413267836605e+02 
       8.359900528026e-02       1.366500048766e+02 
       8.668172069278e-02       1.289703406549e+02 
       8.982743405100e-02       1.189823362534e+02 
       9.301442977493e-02       1.077100893933e+02 
       9.622773700232e-02       9.625485036940e+01 
       9.945751139537e-02       8.558095091527e+01 
       1.026974739223e-01       7.638802301040e+01 
       1.059436957830e-01       6.907910750725e+01 
       1.091937478011e-01       6.379597945505e+01 
       1.124461388965e-01       6.048610245515e+01 
       1.156999577935e-01       5.896401948116e+01 
       1.189546489666e-01       5.895323007718e+01 
       1.222098742094e-01       6.010584382604e+01 
       1.254654277220e-01       6.201366110541e+01 
       1.287211842536e-01       6.422514807288e+01 
       1.319770675153e-01       6.627794542096e+01 
       1.352330309695e-01       6.774765988200e+01 
       1.384890461567e-01       6.830129189121e+01 
       1.417450956072e-01       6.774279974557e+01 
       1.449275362319e-01       6.608610510187e+01 
       1.450011685359e-01       6.603539284563e+01 
       1.482572582289e-01       6.329636441966e+01 
       1.515133604560e-01       5.976448432700e+01 
       1.547694725068e-01       5.575197097453e+01 
       1.580255926037e-01       5.159016032116e+01 
       1.612817195460e-01       4.758208863630e+01 
       1.645378524917e-01       4.397024941830e+01 
       1.677939908254e-01       4.092077377447e+01 
       1.710501340766e-01       3.852258335487e+01 
       1.743062818700e-01       3.679705504848e+01 
       1.775624338943e-01       3.571090643906e+01 
       1.808185898828e-01       3.518853449500e+01 
       1.840747496015e-01       3.512339548274e+01 
       1.873309128408e-01       3.542569933372e+01 
       1.905870794106e-01       3.591867781245e+01 
       1.938432491369e-01       3.644092439259e+01 
       1.970994218589e-01       3.683982464369e+01 
       2.003555974275e-01       3.698989517005e+01 
       2.036117757039e-01       3.681079439832e+01 
       2.068679565588e-01       3.627269948997e+01 
       2.101241398708e-01       3.539319874438e+01 
       2.133803255263e-01       3.422575074109e+01 
       2.166365134188e-01       3.284629359903e+01 
       2.198927034481e-01       3.134116959781e+01 
       2.231488955198e-01       2.979812302483e+01 
       2.264050895452e-01       2.829984265079e+01 
       2.296612854406e-01       2.691856960378e+01 
       2.329174831271e-01       2.571063345136e+01 
       2.361736825299e-01       2.471227093287e+01 
       2.394298835787e-01       2.393765545890e+01 
       2.426860862066e-01       2.337919647831e+01 
       2.459422903507e-01       2.301135874869e+01 
       2.491984959510e-01       2.279585661169e+01 
       2.524547029508e-01       2.268765793609e+01 
       2.557109112964e-01       2.264015944790e+01 
       2.589671209366e-01       2.260853481474e+01 
       2.622233318230e-01       2.255228044562e+01 
       2.654795439094e-01       2.243678974225e+01 
       2.687357571520e-01       2.223510840988e+01 
       2.719919715088e-01       2.193063114172e+01 
       2.752481869403e-01       2.151933029172e+01 
       2.785044034084e-01       2.101057958983e+01 
       2.817606208770e-01       2.042573583991e+01 
       2.850168393116e-01       1.979422069800e+01 
       2.882730586794e-01       1.914796309042e+01 
       2.915292789488e-01       1.851653632106e+01 
       2.947855000899e-01       1.792359964268e+01 
       2.980417220738e-01       1.738535471911e+01 
       3.012979448732e-01       1.691168688660e+01 
       3.045541684617e-01       1.650677526288e+01 
       3.078103928142e-01       1.617034876512e+01 
       3.110666179065e-01       1.589813894077e+01 
       3.143228437156e-01       1.568174495338e+01 
       3.175790702192e-01       1.550893542471e+01 
       3.208352973961e-01       1.536436740985e+01 
       3.240915252260e-01       1.523142224127e+01 
       3.273477536892e-01       1.509461534623e+01 
       3.306039827669e-01       1.494160001040e+01 
       3.338602124411e-01       1.476428466248e+01 
       3.371164426943e-01       1.455931454632e+01 
       3.403726735100e-01       1.432677499084e+01 
       3.436289048721e-01       1.406951105462e+01 
       3.468851367650e-01       1.379156588759e+01 
       3.501413691739e-01       1.349922828729e+01 
       3.533976020844e-01       1.319901159437e+01 
       3.566538354829e-01       1.289879343273e+01 
       3.599100693559e-01       1.260676534864e+01 
       3.631663036906e-01       1.233060762595e+01 
       3.664225384747e-01       1.207598725505e+01 
       3.696787736963e-01       1.184592502052e+01 
       3.729350093439e-01       1.164038447659e+01 
       3.761912454062e-01       1.145707994063e+01 
       3.794474818727e-01       1.129232772806e+01 
       3.827037187329e-01       1.114195871431e+01 
       3.859599559769e-01       1.100211599558e+01 
       3.892161935949e-01       1.086922539048e+01 
       3.924724315777e-01       1.073994058682e+01 
       3.957286699161e-01       1.061083587207e+01 
       3.989849086015e-01       1.047899176976e+01 
       4.022411476254e-01       1.034119774906e+01 
       4.054973869796e-01       1.019626420254e+01 
       4.087536266561e-01       1.004415647546e+01 
       4.120098666473e-01       9.886309766682e+00 
       4.152661069458e-01       9.725087014448e+00 
       4.185223475443e-01       9.563083973310e+00 
       4.217785884360e-01       9.402431428209e+00 
       4.250348296139e-01       9.244751928352e+00 
       4.282910710717e-01       9.091099424663e+00 
       4.315473128028e-01       8.942346506694e+00 
       4.348035548012e-01       8.799490769097e+00 
       4.380597970609e-01       8.663608812604e+00 
       4.413160395760e-01       8.535470128286e+00 
       4.445722823409e-01       8.415328410872e+00 
       4.478285253503e-01       8.302646458387e+00 
       4.510847685986e-01       8.196025874736e+00 
       4.543410120809e-01       8.093779836496e+00 
       4.575972557920e-01       7.994258182633e+00 
       4.608534997271e-01       7.896171626842e+00 
       4.641097438815e-01       7.798761335632e+00 
       4.673659882506e-01       7.701656577264e+00 
       4.706222328299e-01       7.604552587593e+00 
       4.738784776151e-01       7.507076405143e+00 
       4.771347226018e-01       7.408752813121e+00 
       4.803909677861e-01       7.309302610006e+00 
       4.836472131640e-01       7.208828482641e+00 
       4.869034587314e-01       7.107964389834e+00 
       4.901597044847e-01       7.007733334716e+00 
       4.934159504200e-01       6.909306032083e+00 
       4.966721965340e-01       6.813651360231e+00 
       4.999284428230e-01       6.721240926917e+00 
       5.031846892836e-01       6.632068611455e+00 
       5.064409359125e-01       6.545941433182e+00 
       5.096971827065e-01       6.462563593429e+00 
       5.129534296624e-01       6.381783622417e+00 
       5.162096767772e-01       6.303618228328e+00 
       5.194659240478e-01       6.227983301212e+00 
       5.227221714714e-01       6.154659589095e+00 
       5.259784190450e-01       6.083164175505e+00 
       5.292346667659e-01       6.012806910763e+00 
       5.324909146314e-01       5.942916319368e+00 
       5.357471626389e-01       5.873111670614e+00 
       5.390034107857e-01       5.803311970719e+00 
       5.422596590694e-01       5.733792246110e+00 
       5.455159074875e-01       5.664882381702e+00 
       5.487721560376e-01       5.596862590116e+00 
       5.520284047173e-01       5.529794295548e+00 
       5.552846535243e-01       5.463595989733e+00 
       5.585409024565e-01       5.398132094322e+00 
       5.617971515117e-01       5.333393457827e+00 
       5.650534006877e-01       5.269604359938e+00 
       5.683096499823e-01       5.207057721754e+00 
       5.715658993937e-01       5.146075746557e+00 
       5.748221489198e-01       5.086792449116e+00 
       5.780783985587e-01       5.029064544294e+00 
       5.813346483084e-01       4.972701390885e+00 
       5.845908981671e-01       4.917355671033e+00 
       5.878471481330e-01       4.862827244328e+00 
       5.911033982043e-01       4.809094428267e+00 
       5.943596483793e-01       4.756274579654e+00 
       5.976158986563e-01       4.704455045194e+00 
       6.008721490336e-01       4.653625331875e+00 
       6.041283995096e-01       4.603616505405e+00 
       6.073846500827e-01       4.554169974257e+00 
       6.106409007513e-01       4.505054610138e+00 
       6.138971515139e-01       4.456230316452e+00 
       6.171534023690e-01       4.407716959371e+00 
       6.204096533152e-01       4.359776066189e+00 
       6.236659043511e-01       4.312622664946e+00 
       6.269221554752e-01       4.266324940583e+00 
       6.301784066861e-01       4.220959822494e+00 
       6.334346579825e-01       4.176294656247e+00 
       6.366909093632e-01       4.132108479961e+00 
       6.399471608267e-01       4.088404434821e+00 
       6.432034123720e-01       4.045483526523e+00 
       6.464596639976e-01       4.003339307513e+00 
       6.497159157024e-01       3.962001555580e+00 
       6.529721674852e-01       3.921557242216e+00 
       6.562284193449e-01       3.881949059225e+00 
       6.594846712803e-01       3.842872586778e+00 
       6.627409232903e-01       3.804202646101e+00 
       6.659971753738e-01       3.765910759424e+00 
       6.692534275297e-01       3.727995917259e+00 
       6.725096797569e-01       3.690606103114e+00 
       6.757659320545e-01       3.653811213143e+00 
       6.790221844214e-01       3.617695128411e+00 
       6.822784368567e-01       3.582119429316e+00 
       6.855346893592e-01       3.546942176449e+00 
       6.887909419282e-01       3.512060967558e+00 
       6.920471945626e-01       3.477458598420e+00 
       6.953034472615e-01       3.443225844672e+00 
       6.985597000240e-01       3.409518674632e+00 
       7.018159528493e-01       3.376421093352e+00 
       7.050722057365e-01       3.343939510038e+00 
       7.083284586846e-01       3.312001531662e+00 
       7.115847116929e-01       3.280478143536e+00 
       7.148409647606e-01       3.249267714637e+00 
       7.180972178868e-01       3.218368875621e+00 
       7.213534710707e-01       3.187833195544e+00 
       7.246097243116e-01       3.157784865933e+00 
       7.278659776087e-01       3.128273405059e+00 
       7.311222309613e-01       3.099297767126e+00 
       7.343784843685e-01       3.070739403900e+00 
       7.376347378297e-01       3.042483956324e+00 
       7.408909913442e-01       3.014460580365e+00 
       8.034868125329e-01       2.538781824454e+00 
       8.906676422973e-01       2.036419787310e+00 
       1.024486229509e+00       1.501983637263e+00 
       1.241385322182e+00       9.813956107078e-01 
       1.555309493289e+00       5.892151392477e-01 
