# Matter power spectrum P(k) for adiabatic (AD) mode at redshift z=0
# for k=1.02841e-05 to 1.55531 h/Mpc,
# number of wavenumbers equal to 600
#    1:k (h/Mpc)              2:P (Mpc/h)^3        
       1.028412559098e-05       5.084782321256e+01 
       2.333453144735e-05       1.121008526659e+02 
       3.643121332748e-05       1.722989792189e+02 
       4.961034196751e-05       2.320920342879e+02 
       6.290869455762e-05       2.918500748695e+02 
       7.636399132375e-05       3.518517357239e+02 
       9.001524304110e-05       4.123364209011e+02 
       1.039031142183e-04       4.735256236384e+02 
       1.180703067255e-04       5.356338683875e+02 
       1.325619686753e-04       5.988753566518e+02 
       1.474261333657e-04       6.634686180878e+02 
       1.627141930218e-04       7.296401588645e+02 
       1.784814118530e-04       7.976276015512e+02 
       1.947874825108e-04       8.676825611824e+02 
       2.116971292489e-04       9.400734311686e+02 
       2.292807598255e-04       1.015088119924e+03 
       2.476151662285e-04       1.093036821049e+03 
       2.667842714019e-04       1.174254779078e+03 
       2.868799149822e-04       1.259105054126e+03 
       3.080026652374e-04       1.347981214583e+03 
       3.302626364911e-04       1.441309866286e+03 
       3.537802808691e-04       1.539552850862e+03 
       3.786871097972e-04       1.643208947780e+03 
       4.051262840866e-04       1.752814754877e+03 
       4.332529917938e-04       1.868944467868e+03 
       4.632345111314e-04       1.992208059861e+03 
       4.952498333875e-04       2.123247409182e+03 
       5.294887014118e-04       2.262729809801e+03 
       5.661499079706e-04       2.411338283754e+03 
       6.054387023594e-04       2.569758230063e+03 
       6.475631818406e-04       2.738660059660e+03 
       6.927296054801e-04       2.918677773176e+03 
       7.411366677728e-04       3.110383953166e+03 
       7.929689072270e-04       3.314262133321e+03 
       8.483895888615e-04       3.530678275872e+03 
       9.075335636491e-04       3.759853478229e+03 
       9.705007345143e-04       4.001840853924e+03 
       1.037350805672e-03       4.256509099305e+03 
       1.108099927639e-03       4.523535264609e+03 
       1.182719666544e-03       4.802408086362e+03 
       1.261138449528e-03       5.092442203351e+03 
       1.343245324110e-03       5.392801748838e+03 
       1.428895588007e-03       5.702522569866e+03 
       1.517917656412e-03       6.020548169660e+03 
       1.610120466737e-03       6.345809829285e+03 
       1.705300771425e-03       6.677199292049e+03 
       1.803249805195e-03       7.013619902869e+03 
       1.903758989164e-03       7.354009866718e+03 
       2.006624509401e-03       7.697360203432e+03 
       2.111650753064e-03       8.042727394923e+03 
       2.218652688422e-03       8.389240745872e+03 
       2.327457335248e-03       8.736106776481e+03 
       2.437904496645e-03       9.082608548228e+03 
       2.549846922475e-03       9.428103534635e+03 
       2.663150058189e-03       9.772021247550e+03 
       2.777691509010e-03       1.011385679484e+04 
       2.893360323611e-03       1.045316769656e+04 
       3.010056177161e-03       1.078956641738e+04 
       3.127688512448e-03       1.112271683023e+04 
       3.246175680514e-03       1.145232781197e+04 
       3.365444108620e-03       1.177814909852e+04 
       3.485427513052e-03       1.209996626002e+04 
       3.606066166745e-03       1.241759807020e+04 
       3.727306226337e-03       1.273089104247e+04 
       3.849099119560e-03       1.303971683559e+04 
       3.971400991494e-03       1.334397099885e+04 
       4.094172206660e-03       1.364356952441e+04 
       4.217376903101e-03       1.393844139932e+04 
       4.340982594169e-03       1.422853879981e+04 
       4.464959813675e-03       1.451381968307e+04 
       4.589281800096e-03       1.479425931603e+04 
       4.713924215813e-03       1.506984253522e+04 
       4.838864897574e-03       1.534055983935e+04 
       4.964083634764e-03       1.560641683108e+04 
       5.089561972309e-03       1.586741611705e+04 
       5.215283035423e-03       1.612357184202e+04 
       5.341231373683e-03       1.637490870939e+04 
       5.467392822177e-03       1.662144466879e+04 
       5.593754377759e-03       1.686320887153e+04 
       5.720304088651e-03       1.710023662060e+04 
       5.847030955858e-03       1.733255613852e+04 
       5.973924845012e-03       1.756021414097e+04 
       6.100976407471e-03       1.778324106219e+04 
       6.228177009598e-03       1.800168101593e+04 
       6.355518669310e-03       1.821558456819e+04 
       6.482993999063e-03       1.842498941512e+04 
       6.610596154561e-03       1.862993804230e+04 
       6.738318788565e-03       1.883049448461e+04 
       6.866156009221e-03       1.902668491178e+04 
       6.994102342445e-03       1.921856474364e+04 
       7.122152697900e-03       1.940619434974e+04 
       7.246376811594e-03       1.958405713974e+04 
       7.250302338206e-03       1.958961137857e+04 
       7.378546851026e-03       1.976885871975e+04 
       7.506882123738e-03       1.994399905034e+04 
       7.635304320423e-03       2.011508086218e+04 
       7.763809860932e-03       2.028214730121e+04 
       7.892395401822e-03       2.044524689802e+04 
       8.021057818978e-03       2.060443088852e+04 
       8.149794191750e-03       2.075975047100e+04 
       8.278601788459e-03       2.091124465878e+04 
       8.407478053141e-03       2.105898222240e+04 
       8.536420593410e-03       2.120299310924e+04 
       8.665427169331e-03       2.134333190835e+04 
       8.794495683215e-03       2.148004092305e+04 
       8.923624170250e-03       2.161317418925e+04 
       9.052810789881e-03       2.174277825497e+04 
       9.182053817888e-03       2.186889232236e+04 
       9.311351639089e-03       2.199155538746e+04 
       9.440702740614e-03       2.211084731613e+04 
       9.570105705704e-03       2.222677521618e+04 
       9.699559207984e-03       2.233939016304e+04 
       9.829062006178e-03       2.244874734976e+04 
       9.958612939215e-03       2.255488242000e+04 
       1.008821092172e-02       2.265784271400e+04 
       1.021785493980e-02       2.275766189942e+04 
       1.034754404722e-02       2.285439559281e+04 
       1.047727736175e-02       2.294807136272e+04 
       1.060705406187e-02       2.303873612024e+04 
       1.073687338368e-02       2.312642917807e+04 
       1.086673461802e-02       2.321119283408e+04 
       1.099663710781e-02       2.329306215887e+04 
       1.112658024557e-02       2.337208568083e+04 
       1.125656347115e-02       2.344829293000e+04 
       1.138658626955e-02       2.352172302617e+04 
       1.151664816898e-02       2.359240940664e+04 
       1.164674873898e-02       2.366039252574e+04 
       1.177688758870e-02       2.372571169759e+04 
       1.190706436535e-02       2.378839999221e+04 
       1.203727875266e-02       2.384849960619e+04 
       1.216753046951e-02       2.390603306530e+04 
       1.229781926869e-02       2.396105323176e+04 
       1.242814493566e-02       2.401357605019e+04 
       1.255850728745e-02       2.406365078032e+04 
       1.268890617165e-02       2.411130590349e+04 
       1.281934146543e-02       2.415656883818e+04 
       1.294981307468e-02       2.419948215294e+04 
       1.308032093317e-02       2.424008014764e+04 
       1.321086500180e-02       2.427838014022e+04 
       1.334144526789e-02       2.431442274157e+04 
       1.347206174455e-02       2.434824012643e+04 
       1.360271447005e-02       2.437985971269e+04 
       1.373340350729e-02       2.440931807488e+04 
       1.386412894333e-02       2.443663711378e+04 
       1.399489088885e-02       2.446185384372e+04 
       1.412568947781e-02       2.448499637087e+04 
       1.425652486702e-02       2.450609653395e+04 
       1.438739723581e-02       2.452517952629e+04 
       1.449275362319e-02       2.453909298960e+04 
       1.451830678571e-02       2.454226916231e+04 
       1.464925374020e-02       2.455741300541e+04 
       1.478023834441e-02       2.457062045658e+04 
       1.491126086498e-02       2.458192849827e+04 
       1.504232158981e-02       2.459135985085e+04 
       1.517342082791e-02       2.459894524461e+04 
       1.530455890930e-02       2.460470869369e+04 
       1.543573618486e-02       2.460868453622e+04 
       1.556695302630e-02       2.461088952255e+04 
       1.569820982603e-02       2.461135682275e+04 
       1.582950699718e-02       2.461010404955e+04 
       1.596084497356e-02       2.460716790696e+04 
       1.609222420969e-02       2.460256697405e+04 
       1.622364518078e-02       2.459632703563e+04 
       1.635510838282e-02       2.458847664881e+04 
       1.648661433265e-02       2.457903641524e+04 
       1.661816356800e-02       2.456803166470e+04 
       1.674975664765e-02       2.455547058204e+04 
       1.688139415151e-02       2.454143260586e+04 
       1.701307668080e-02       2.452587574814e+04 
       1.714480485816e-02       2.450885799079e+04 
       1.727657932788e-02       2.449039495889e+04 
       1.740840075606e-02       2.447050929511e+04 
       1.754026983083e-02       2.444922645202e+04 
       1.767218726260e-02       2.442654881483e+04 
       1.780415378424e-02       2.440253766141e+04 
       1.793617015142e-02       2.437720478921e+04 
       1.806823714286e-02       2.435055030218e+04 
       1.820035556059e-02       2.432260786718e+04 
       1.833252623031e-02       2.429338455823e+04 
       1.846475000170e-02       2.426293011808e+04 
       1.859702774877e-02       2.423125474432e+04 
       1.872936037020e-02       2.419838120871e+04 
       1.886174878976e-02       2.416432676331e+04 
       1.899419395666e-02       2.412910508500e+04 
       1.912669684601e-02       2.409272107075e+04 
       1.925925845921e-02       2.405525445252e+04 
       1.939187982442e-02       2.401666655119e+04 
       1.952456199702e-02       2.397699330958e+04 
       1.965730606011e-02       2.393626681739e+04 
       1.979011312499e-02       2.389450235712e+04 
       1.992298433167e-02       2.385171851331e+04 
       2.005592084945e-02       2.380791474092e+04 
       2.018892387747e-02       2.376314317374e+04 
       2.032199464525e-02       2.371740100798e+04 
       2.045513441333e-02       2.367072089182e+04 
       2.058834447387e-02       2.362308280270e+04 
       2.072162615132e-02       2.357455507082e+04 
       2.085498080302e-02       2.352513142112e+04 
       2.098840981994e-02       2.347484190006e+04 
       2.112191462737e-02       2.342366423870e+04 
       2.125549668563e-02       2.337168901686e+04 
       2.138915749085e-02       2.331884345874e+04 
       2.152289857573e-02       2.326524470599e+04 
       2.165672151034e-02       2.321082433749e+04 
       2.179062790295e-02       2.315565316772e+04 
       2.192461940087e-02       2.309969775198e+04 
       2.205869769138e-02       2.304301217503e+04 
       2.219286450254e-02       2.298561796742e+04 
       2.232712160423e-02       2.292752774638e+04 
       2.246147080905e-02       2.286873730866e+04 
       2.259591397332e-02       2.280922322121e+04 
       2.273045299813e-02       2.274912117584e+04 
       2.286508983037e-02       2.268835161269e+04 
       2.299982646385e-02       2.262695218550e+04 
       2.313466494041e-02       2.256494863326e+04 
       2.326960735105e-02       2.250233678362e+04 
       2.340465583717e-02       2.243911923045e+04 
       2.353981259181e-02       2.237536424435e+04 
       2.367507986086e-02       2.231102974594e+04 
       2.381045994443e-02       2.224614328611e+04 
       2.394595519819e-02       2.218079078227e+04 
       2.408156803474e-02       2.211491393494e+04 
       2.421730092510e-02       2.204850075623e+04 
       2.435315640014e-02       2.198160636253e+04 
       2.448913705218e-02       2.191426796521e+04 
       2.462524553649e-02       2.184642871113e+04 
       2.476148457300e-02       2.177814725890e+04 
       2.489785694796e-02       2.170948555295e+04 
       2.503436551566e-02       2.164041919068e+04 
       2.517101320028e-02       2.157085691226e+04 
       2.530780299770e-02       2.150095688426e+04 
       2.544473797743e-02       2.143067341075e+04 
       2.558182128461e-02       2.136000283589e+04 
       2.571905614206e-02       2.128899103960e+04 
       2.585644585238e-02       2.121762505586e+04 
       2.599399380014e-02       2.114590768329e+04 
       2.613170345416e-02       2.107387848256e+04 
       2.626957836985e-02       2.100153417184e+04 
       2.640762219159e-02       2.092894694486e+04 
       2.654583865529e-02       2.085598629026e+04 
       2.668423159097e-02       2.078277513553e+04 
       2.682280492538e-02       2.070933034293e+04 
       2.696156268488e-02       2.063560452942e+04 
       2.710050899822e-02       2.056164287755e+04 
       2.723964809955e-02       2.048741132176e+04 
       2.737898433152e-02       2.041297198144e+04 
       2.751852214844e-02       2.033831310945e+04 
       2.765826611962e-02       2.026347846272e+04 
       2.779822093278e-02       2.018844406123e+04 
       2.793839139761e-02       2.011322464821e+04 
       2.807878244945e-02       2.003777038475e+04 
       2.821939915313e-02       1.996220462651e+04 
       2.836024670693e-02       1.988646412656e+04 
       2.850133044671e-02       1.981055139458e+04 
       2.864265585015e-02       1.973452480504e+04 
       2.878422854125e-02       1.965834491664e+04 
       2.892605429489e-02       1.958202572090e+04 
       2.906813904165e-02       1.950563736125e+04 
       2.921048887277e-02       1.942911636319e+04 
       2.935311004534e-02       1.935248733877e+04 
       2.949600898770e-02       1.927576449034e+04 
       2.963919230502e-02       1.919899134781e+04 
       2.978266678511e-02       1.912212369747e+04 
       2.992643940455e-02       1.904517917308e+04 
       3.007051733493e-02       1.896813022985e+04 
       3.021490794948e-02       1.889108779352e+04 
       3.035961882993e-02       1.881397050545e+04 
       3.050465777360e-02       1.873678971948e+04 
       3.065003280092e-02       1.865962430664e+04 
       3.079575216314e-02       1.858236997364e+04 
       3.094182435048e-02       1.850511587249e+04 
       3.108825810057e-02       1.842785796597e+04 
       3.123506240729e-02       1.835058780119e+04 
       3.138224653001e-02       1.827333155955e+04 
       3.152982000319e-02       1.819607269311e+04 
       3.167779264652e-02       1.811871765139e+04 
       3.182617457542e-02       1.804149688638e+04 
       3.197497621211e-02       1.796426988182e+04 
       3.212420829708e-02       1.788702546977e+04 
       3.227388190124e-02       1.780982556443e+04 
       3.242400843858e-02       1.773266828147e+04 
       3.257459967937e-02       1.765552368063e+04 
       3.272566776415e-02       1.757843151819e+04 
       3.287722521826e-02       1.750140742922e+04 
       3.302928496716e-02       1.742443646928e+04 
       3.318186035254e-02       1.734741587683e+04 
       3.333496514912e-02       1.727054318033e+04 
       3.348861358247e-02       1.719372841902e+04 
       3.364282034761e-02       1.711698369217e+04 
       3.379760062863e-02       1.704028224185e+04 
       3.395297011936e-02       1.696365255296e+04 
       3.410894504507e-02       1.688714053624e+04 
       3.426554218541e-02       1.681063718728e+04 
       3.442277889853e-02       1.673424241544e+04 
       3.458067314653e-02       1.665795202506e+04 
       3.473924352237e-02       1.658175728516e+04 
       3.489850927820e-02       1.650558739495e+04 
       3.505849035534e-02       1.642958460383e+04 
       3.521920741601e-02       1.635358898835e+04 
       3.538068187678e-02       1.627772837437e+04 
       3.554293594411e-02       1.620195411993e+04 
       3.570599265188e-02       1.612632335652e+04 
       3.586987590125e-02       1.605074036090e+04 
       3.603461050288e-02       1.597526214975e+04 
       3.620022222175e-02       1.589988674562e+04 
       3.636673782475e-02       1.582462311518e+04 
       3.653418513129e-02       1.574943129611e+04 
       3.670259306711e-02       1.567438739195e+04 
       3.687199172149e-02       1.559938896478e+04 
       3.704241240831e-02       1.552454715873e+04 
       3.721388773101e-02       1.544977282778e+04 
       3.738645165197e-02       1.537513741883e+04 
       3.756013956659e-02       1.530052941959e+04 
       3.773498838238e-02       1.522610369255e+04 
       3.791103660361e-02       1.515173512806e+04 
       3.808832442192e-02       1.507743253532e+04 
       3.826689381338e-02       1.500324150944e+04 
       3.844678864257e-02       1.492923624586e+04 
       3.862805477434e-02       1.485529725092e+04 
       3.881074019387e-02       1.478136859030e+04 
       3.899489513577e-02       1.470757662996e+04 
       3.918057222317e-02       1.463384970517e+04 
       3.936782661753e-02       1.456025379348e+04 
       3.955671618032e-02       1.448671504777e+04 
       3.974730164770e-02       1.441322779883e+04 
       3.993964681935e-02       1.433981783740e+04 
       4.013381876301e-02       1.426655008877e+04 
       4.032988803607e-02       1.419324557220e+04 
       4.052792892625e-02       1.412006574623e+04 
       4.072801971300e-02       1.404693075654e+04 
       4.093024295208e-02       1.397386210249e+04 
       4.113468578558e-02       1.390081114945e+04 
       4.134144028033e-02       1.382782221117e+04 
       4.155060379763e-02       1.375481676306e+04 
       4.176227939797e-02       1.368190338321e+04 
       4.197657628467e-02       1.360898710759e+04 
       4.219361029095e-02       1.353604512506e+04 
       4.241350441563e-02       1.346317465269e+04 
       4.263638941325e-02       1.339024954547e+04 
       4.286240444534e-02       1.331732862132e+04 
       4.309169780052e-02       1.324439267787e+04 
       4.332442769209e-02       1.317137253897e+04 
       4.356076314340e-02       1.309834640068e+04 
       4.380088497240e-02       1.302528029724e+04 
       4.404498688909e-02       1.295208668794e+04 
       4.429327672121e-02       1.287883247281e+04 
       4.454597778650e-02       1.280548986201e+04 
       4.480333043253e-02       1.273197081728e+04 
       4.506559376895e-02       1.265840690850e+04 
       4.533304762093e-02       1.258465816302e+04 
       4.560599473824e-02       1.251070698764e+04 
       4.588476329991e-02       1.243660690811e+04 
       4.616970976244e-02       1.236225041979e+04 
       4.646122210828e-02       1.228765346813e+04 
       4.675972356217e-02       1.221283937183e+04 
       4.706567685674e-02       1.213769291741e+04 
       4.737958914479e-02       1.206220862604e+04 
       4.770201767611e-02       1.198637384488e+04 
       4.803357638187e-02       1.191014437267e+04 
       4.837494354041e-02       1.183343863681e+04 
       4.872687073731e-02       1.175627846123e+04 
       4.909019338088e-02       1.167854972859e+04 
       4.946584309549e-02       1.160025110221e+04 
       4.985486239192e-02       1.152125982970e+04 
       5.025842211141e-02       1.144156440885e+04 
       5.067784226391e-02       1.136104435658e+04 
       5.111461703865e-02       1.127961206930e+04 
       5.157044496582e-02       1.119716318536e+04 
       5.204726546434e-02       1.111358778399e+04 
       5.254730333605e-02       1.102875023527e+04 
       5.307312317779e-02       1.094243018098e+04 
       5.362769619685e-02       1.085447916896e+04 
       5.421448254396e-02       1.076467315735e+04 
       5.483753302069e-02       1.067265921531e+04 
       5.550161483578e-02       1.057815886441e+04 
       5.621236685917e-02       1.048061392870e+04 
       5.697649026558e-02       1.037958193466e+04 
       5.780197994418e-02       1.027433818558e+04 
       5.869839929942e-02       1.016393209455e+04 
       5.967719360637e-02       1.004717374601e+04 
       6.075202039364e-02       9.922459132022e+03 
       6.193904182044e-02       9.787693340686e+03 
       6.325706278833e-02       9.640070689223e+03 
       6.472729914943e-02       9.475845796922e+03 
       6.637242881919e-02       9.290210213879e+03 
       6.821447790535e-02       9.077307756099e+03 
       7.027120623908e-02       8.830482825380e+03 
       7.255127732672e-02       8.543524025733e+03 
       7.504972585530e-02       8.212473763316e+03 
       7.774630822446e-02       7.837926925640e+03 
       8.060862224015e-02       7.426641815064e+03 
       8.359900528026e-02       6.991345017864e+03 
       8.668172069278e-02       6.548673479150e+03 
       8.982743405100e-02       6.116190010066e+03 
       9.301442977493e-02       5.709590879338e+03 
       9.622773700232e-02       5.340884511978e+03 
       9.945751139537e-02       5.017492098976e+03 
       1.026974739223e-01       4.742320312804e+03 
       1.059436957830e-01       4.514216568212e+03 
       1.091937478011e-01       4.328760876909e+03 
       1.124461388965e-01       4.179181804290e+03 
       1.156999577935e-01       4.057126452861e+03 
       1.189546489666e-01       3.953657255059e+03 
       1.222098742094e-01       3.859885974481e+03 
       1.254654277220e-01       3.767809266671e+03 
       1.287211842536e-01       3.670958228416e+03 
       1.319770675153e-01       3.564890885242e+03 
       1.352330309695e-01       3.447437685843e+03 
       1.384890461567e-01       3.318689552536e+03 
       1.417450956072e-01       3.180687499660e+03 
       1.449275362319e-01       3.040191795176e+03 
       1.450011685359e-01       3.036908010293e+03 
       1.482572582289e-01       2.891647055918e+03 
       1.515133604560e-01       2.749386731772e+03 
       1.547694725068e-01       2.614247291514e+03 
       1.580255926037e-01       2.489583053595e+03 
       1.612817195460e-01       2.377711513677e+03 
       1.645378524917e-01       2.279828374707e+03 
       1.677939908254e-01       2.196029619182e+03 
       1.710501340766e-01       2.125423735981e+03 
       1.743062818700e-01       2.066326919774e+03 
       1.775624338943e-01       2.016490534378e+03 
       1.808185898828e-01       1.973343540237e+03 
       1.840747496015e-01       1.934235932169e+03 
       1.873309128408e-01       1.897173503062e+03 
       1.905870794106e-01       1.859453684990e+03 
       1.938432491369e-01       1.819350691362e+03 
       1.970994218589e-01       1.775784071362e+03 
       2.003555974275e-01       1.728372237453e+03 
       2.036117757039e-01       1.677418679600e+03 
       2.068679565588e-01       1.623780971126e+03 
       2.101241398708e-01       1.568687343708e+03 
       2.133803255263e-01       1.513491171254e+03 
       2.166365134188e-01       1.459556037896e+03 
       2.198927034481e-01       1.407998228964e+03 
       2.231488955198e-01       1.359741735971e+03 
       2.264050895452e-01       1.315418156426e+03 
       2.296612854406e-01       1.275380487060e+03 
       2.329174831271e-01       1.239705895490e+03 
       2.361736825299e-01       1.208198593843e+03 
       2.394298835787e-01       1.180412774022e+03 
       2.426860862066e-01       1.155695235199e+03 
       2.459422903507e-01       1.133263457223e+03 
       2.491984959510e-01       1.112287721114e+03 
       2.524547029508e-01       1.091986019006e+03 
       2.557109112964e-01       1.071697186808e+03 
       2.589671209366e-01       1.050927648349e+03 
       2.622233318230e-01       1.029368224165e+03 
       2.654795439094e-01       1.006884508049e+03 
       2.687357571520e-01       9.835151369308e+02 
       2.719919715088e-01       9.594232135351e+02 
       2.752481869403e-01       9.348918756957e+02 
       2.785044034084e-01       9.103003952467e+02 
       2.817606208770e-01       8.860578621155e+02 
       2.850168393116e-01       8.625690255749e+02 
       2.882730586794e-01       8.401806291513e+02 
       2.915292789488e-01       8.191454212536e+02 
       2.947855000899e-01       7.995978252987e+02 
       2.980417220738e-01       7.815563386216e+02 
       3.012979448732e-01       7.649432300275e+02 
       3.045541684617e-01       7.496126210311e+02 
       3.078103928142e-01       7.353727837020e+02 
       3.110666179065e-01       7.220085056389e+02 
       3.143228437156e-01       7.092915033456e+02 
       3.175790702192e-01       6.969955191995e+02 
       3.208352973961e-01       6.849079872350e+02 
       3.240915252260e-01       6.728494834293e+02 
       3.273477536892e-01       6.606898698298e+02 
       3.306039827669e-01       6.483618276653e+02 
       3.338602124411e-01       6.358615573689e+02 
       3.371164426943e-01       6.232406073783e+02 
       3.403726735100e-01       6.105871921078e+02 
       3.436289048721e-01       5.980085999439e+02 
       3.468851367650e-01       5.856123838341e+02 
       3.501413691739e-01       5.735034096638e+02 
       3.533976020844e-01       5.617669208289e+02 
       3.566538354829e-01       5.504811502962e+02 
       3.599100693559e-01       5.397015632265e+02 
       3.631663036906e-01       5.294601120604e+02 
       3.664225384747e-01       5.197600581128e+02 
       3.696787736963e-01       5.105703218678e+02 
       3.729350093439e-01       5.018353388724e+02 
       3.761912454062e-01       4.934790767046e+02 
       3.794474818727e-01       4.854180247127e+02 
       3.827037187329e-01       4.775791026673e+02 
       3.859599559769e-01       4.698979096511e+02 
       3.892161935949e-01       4.623280528590e+02 
       3.924724315777e-01       4.548361344583e+02 
       3.957286699161e-01       4.473999733247e+02 
       3.989849086015e-01       4.400058910736e+02 
       4.022411476254e-01       4.326516786215e+02 
       4.054973869796e-01       4.253461564969e+02 
       4.087536266561e-01       4.181104473030e+02 
       4.120098666473e-01       4.109753303724e+02 
       4.152661069458e-01       4.039742437977e+02 
       4.185223475443e-01       3.971378458139e+02 
       4.217785884360e-01       3.904884975799e+02 
       4.250348296139e-01       3.840387446972e+02 
       4.282910710717e-01       3.777918162360e+02 
       4.315473128028e-01       3.717457507981e+02 
       4.348035548012e-01       3.658964426186e+02 
       4.380597970609e-01       3.602369863048e+02 
       4.413160395760e-01       3.547589618350e+02 
       4.445722823409e-01       3.494482604435e+02 
       4.478285253503e-01       3.442855331759e+02 
       4.510847685986e-01       3.392489030765e+02 
       4.543410120809e-01       3.343134786998e+02 
       4.575972557920e-01       3.294590703525e+02 
       4.608534997271e-01       3.246716671335e+02 
       4.641097438815e-01       3.199433930842e+02 
       4.673659882506e-01       3.152744564121e+02 
       4.706222328299e-01       3.106644933088e+02 
       4.738784776151e-01       3.061167060815e+02 
       4.771347226018e-01       3.016328033510e+02 
       4.803909677861e-01       2.972167694158e+02 
       4.836472131640e-01       2.928741740969e+02 
       4.869034587314e-01       2.886129080885e+02 
       4.901597044847e-01       2.844429982527e+02 
       4.934159504200e-01       2.803732268431e+02 
       4.966721965340e-01       2.764087364067e+02 
       4.999284428230e-01       2.725495562520e+02 
       5.031846892836e-01       2.687907469127e+02 
       5.064409359125e-01       2.651244751728e+02 
       5.096971827065e-01       2.615423349554e+02 
       5.129534296624e-01       2.580370242994e+02 
       5.162096767772e-01       2.546031899325e+02 
       5.194659240478e-01       2.512361292127e+02 
       5.227221714714e-01       2.479308065396e+02 
       5.259784190450e-01       2.446817982282e+02 
       5.292346667659e-01       2.414825721497e+02 
       5.324909146314e-01       2.383282713071e+02 
       5.357471626389e-01       2.352162809515e+02 
       5.390034107857e-01       2.321474179388e+02 
       5.422596590694e-01       2.291245382841e+02 
       5.455159074875e-01       2.261516150201e+02 
       5.487721560376e-01       2.232314219125e+02 
       5.520284047173e-01       2.203648324987e+02 
       5.552846535243e-01       2.175510751498e+02 
       5.585409024565e-01       2.147885713865e+02 
       5.617971515117e-01       2.120763681499e+02 
       5.650534006877e-01       2.094148832670e+02 
       5.683096499823e-01       2.068049164452e+02 
       5.715658993937e-01       2.042471329085e+02 
       5.748221489198e-01       2.017409551267e+02 
       5.780783985587e-01       1.992838282512e+02 
       5.813346483084e-01       1.968717599686e+02 
       5.845908981671e-01       1.945007937297e+02 
       5.878471481330e-01       1.921680197376e+02 
       5.911033982043e-01       1.898719438174e+02 
       5.943596483793e-01       1.876125860453e+02 
       5.976158986563e-01       1.853895935887e+02 
       6.008721490336e-01       1.832026545853e+02 
       6.041283995096e-01       1.810498843622e+02 
       6.073846500827e-01       1.789294808403e+02 
       6.106409007513e-01       1.768393654793e+02 
       6.138971515139e-01       1.747790704511e+02 
       6.171534023690e-01       1.727493160142e+02 
       6.204096533152e-01       1.707517611329e+02 
       6.236659043511e-01       1.687877343385e+02 
       6.269221554752e-01       1.668578961621e+02 
       6.301784066861e-01       1.649612596324e+02 
       6.334346579825e-01       1.630962251021e+02 
       6.366909093632e-01       1.612609605080e+02 
       6.399471608267e-01       1.594544166174e+02 
       6.432034123720e-01       1.576765309381e+02 
       6.464596639976e-01       1.559276498365e+02 
       6.497159157024e-01       1.542078841258e+02 
       6.529721674852e-01       1.525165171809e+02 
       6.562284193449e-01       1.508520911385e+02 
       6.594846712803e-01       1.492124747480e+02 
       6.627409232903e-01       1.475959754061e+02 
       6.659971753738e-01       1.460016953864e+02 
       6.692534275297e-01       1.444297862075e+02 
       6.725096797569e-01       1.428809046980e+02 
       6.757659320545e-01       1.413555473190e+02 
       6.790221844214e-01       1.398536248426e+02 
       6.822784368567e-01       1.383741850938e+02 
       6.855346893592e-01       1.369157676832e+02 
       6.887909419282e-01       1.354775021887e+02 
       6.920471945626e-01       1.340589917293e+02 
       6.953034472615e-01       1.326607125543e+02 
       6.985597000240e-01       1.312833544435e+02 
       7.018159528493e-01       1.299274373444e+02 
       7.050722057365e-01       1.285926274929e+02 
       7.083284586846e-01       1.272778840941e+02 
       7.115847116929e-01       1.259819766793e+02 
       7.148409647606e-01       1.247037362833e+02 
       7.180972178868e-01       1.234427074538e+02 
       7.213534710707e-01       1.221991473073e+02 
       7.246097243116e-01       1.209733030897e+02 
       7.278659776087e-01       1.197656380766e+02 
       7.311222309613e-01       1.185756405573e+02 
       7.343784843685e-01       1.174022648352e+02 
       7.376347378297e-01       1.162444660483e+02 
       7.408909913442e-01       1.151014005771e+02 
       8.034868125329e-01       9.586872896234e+01 
       8.906676422973e-01       7.583809052209e+01 
       1.024486229509e+00       5.494565604232e+01 
       1.241385322182e+00       3.507960053715e+01 
       1.555309493289e+00       2.053130457772e+01 
