# Matter power spectrum P(k) at redshift z=0
# for k=1.02841e-05 to 1.55531 h/Mpc,
# number of wavenumbers equal to 600
#    1:k (h/Mpc)              2:P (Mpc/h)^3        
       1.028412559098e-05       5.087466695968e+01 
       2.333453144735e-05       1.121031713605e+02 
       3.643121332748e-05       1.722995977973e+02 
       4.961034196751e-05       2.320922841706e+02 
       6.290869455762e-05       2.918502002518e+02 
       7.636399132375e-05       3.518518074246e+02 
       9.001524304110e-05       4.123364655351e+02 
       1.039031142183e-04       4.735256530295e+02 
       1.180703067255e-04       5.356338884005e+02 
       1.325619686753e-04       5.988753704970e+02 
       1.474261333657e-04       6.634686276456e+02 
       1.627141930218e-04       7.296401653108e+02 
       1.784814118530e-04       7.976276056640e+02 
       1.947874825108e-04       8.676825635600e+02 
       2.116971292489e-04       9.400734322753e+02 
       2.292807598255e-04       1.015088120224e+03 
       2.476151662285e-04       1.093036821050e+03 
       2.667842714019e-04       1.174254779409e+03 
       2.868799149822e-04       1.259105055625e+03 
       3.080026652374e-04       1.347981218407e+03 
       3.302626364911e-04       1.441309874059e+03 
       3.537802808691e-04       1.539552864907e+03 
       3.786871097972e-04       1.643208971388e+03 
       4.051262840866e-04       1.752814792774e+03 
       4.332529917938e-04       1.868944526810e+03 
       4.632345111314e-04       1.992208149536e+03 
       4.952498333875e-04       2.123247543540e+03 
       5.294887014118e-04       2.262730008741e+03 
       5.661499079706e-04       2.411338575964e+03 
       6.054387023594e-04       2.569758656350e+03 
       6.475631818406e-04       2.738660678725e+03 
       6.927296054801e-04       2.918678668507e+03 
       7.411366677728e-04       3.110385243034e+03 
       7.929689072270e-04       3.314263984290e+03 
       8.483895888615e-04       3.530680921121e+03 
       9.075335636491e-04       3.759857239994e+03 
       9.705007345143e-04       4.001846173847e+03 
       1.037350805672e-03       4.256516574681e+03 
       1.108099927639e-03       4.523545683694e+03 
       1.182719666544e-03       4.802422496597e+03 
       1.261138449528e-03       5.092461961759e+03 
       1.343245324110e-03       5.392828586497e+03 
       1.428895588007e-03       5.702558912868e+03 
       1.517917656412e-03       6.020597496149e+03 
       1.610120466737e-03       6.345875616683e+03 
       1.705300771425e-03       6.677285732436e+03 
       1.803249805195e-03       7.013731991731e+03 
       1.903758989164e-03       7.354153509506e+03 
       2.006624509401e-03       7.697542215931e+03 
       2.111650753064e-03       8.042955674696e+03 
       2.218652688422e-03       8.389524293949e+03 
       2.327457335248e-03       8.736455764669e+03 
       2.437904496645e-03       9.083034359956e+03 
       2.549846922475e-03       9.428618838865e+03 
       2.663150058189e-03       9.772640047234e+03 
       2.777691509010e-03       1.011459438744e+04 
       2.893360323611e-03       1.045404084161e+04 
       3.010056177161e-03       1.079059316400e+04 
       3.127688512448e-03       1.112391669333e+04 
       3.246175680514e-03       1.145372168482e+04 
       3.365444108620e-03       1.177975928912e+04 
       3.485427513052e-03       1.210181638295e+04 
       3.606066166745e-03       1.241971317357e+04 
       3.727306226337e-03       1.273329753472e+04 
       3.849099119560e-03       1.304244223816e+04 
       3.971400991494e-03       1.334704418573e+04 
       4.094172206660e-03       1.364702076626e+04 
       4.217376903101e-03       1.394230189190e+04 
       4.340982594169e-03       1.423284098826e+04 
       4.464959813675e-03       1.451859722274e+04 
       4.589281800096e-03       1.479954664654e+04 
       4.713924215813e-03       1.507567528570e+04 
       4.838864897574e-03       1.534697456790e+04 
       4.964083634764e-03       1.561345090201e+04 
       5.089561972309e-03       1.587510790395e+04 
       5.215283035423e-03       1.613196022561e+04 
       5.341231373683e-03       1.638403356279e+04 
       5.467392822177e-03       1.663134629089e+04 
       5.593754377759e-03       1.687392818704e+04 
       5.720304088651e-03       1.711181500547e+04 
       5.847030955858e-03       1.734503586261e+04 
       5.973924845012e-03       1.757363725569e+04 
       6.100976407471e-03       1.779765057009e+04 
       6.228177009598e-03       1.801711940603e+04 
       6.355518669310e-03       1.823209539988e+04 
       6.482993999063e-03       1.844261586475e+04 
       6.610596154561e-03       1.864872377520e+04 
       6.738318788565e-03       1.885048304407e+04 
       6.866156009221e-03       1.904791954531e+04 
       6.994102342445e-03       1.924108939637e+04 
       7.122152697900e-03       1.943005197491e+04 
       7.246376811594e-03       1.960924836751e+04 
       7.250302338206e-03       1.961484539881e+04 
       7.378546851026e-03       1.979551225302e+04 
       7.506882123738e-03       1.997211458003e+04 
       7.635304320423e-03       2.014470098673e+04 
       7.763809860932e-03       2.031331433661e+04 
       7.892395401822e-03       2.047800174173e+04 
       8.021057818978e-03       2.063881554749e+04 
       8.149794191750e-03       2.079580552247e+04 
       8.278601788459e-03       2.094901025517e+04 
       8.407478053141e-03       2.109849783839e+04 
       8.536420593410e-03       2.124429796064e+04 
       8.665427169331e-03       2.138646456090e+04 
       8.794495683215e-03       2.152503872310e+04 
       8.923624170250e-03       2.166007388137e+04 
       9.052810789881e-03       2.179161618679e+04 
       9.182053817888e-03       2.191970497813e+04 
       9.311351639089e-03       2.204437654401e+04 
       9.440702740614e-03       2.216571016883e+04 
       9.570105705704e-03       2.228371355922e+04 
       9.699559207984e-03       2.239843547687e+04 
       9.829062006178e-03       2.250993169078e+04 
       9.958612939215e-03       2.261823520296e+04 
       1.008821092172e-02       2.272339276245e+04 
       1.021785493980e-02       2.282543929657e+04 
       1.034754404722e-02       2.292442618396e+04 
       1.047727736175e-02       2.302038291789e+04 
       1.060705406187e-02       2.311335101131e+04 
       1.073687338368e-02       2.320337262315e+04 
       1.086673461802e-02       2.329048869516e+04 
       1.099663710781e-02       2.337473210071e+04 
       1.112658024557e-02       2.345615131826e+04 
       1.125656347115e-02       2.353477325058e+04 
       1.138658626955e-02       2.361063791858e+04 
       1.151664816898e-02       2.368377586730e+04 
       1.164674873898e-02       2.375422695640e+04 
       1.177688758870e-02       2.382203055179e+04 
       1.190706436535e-02       2.388721577515e+04 
       1.203727875266e-02       2.394982688491e+04 
       1.216753046951e-02       2.400988323056e+04 
       1.229781926869e-02       2.406743817132e+04 
       1.242814493566e-02       2.412250493569e+04 
       1.255850728745e-02       2.417513287573e+04 
       1.268890617165e-02       2.422534767113e+04 
       1.281934146543e-02       2.427317891653e+04 
       1.294981307468e-02       2.431866441999e+04 
       1.308032093317e-02       2.436183765964e+04 
       1.321086500180e-02       2.440271870865e+04 
       1.334144526789e-02       2.444134140246e+04 
       1.347206174455e-02       2.447774183016e+04 
       1.360271447005e-02       2.451194433635e+04 
       1.373340350729e-02       2.454398363505e+04 
       1.386412894333e-02       2.457388141857e+04 
       1.399489088885e-02       2.460167363087e+04 
       1.412568947781e-02       2.462738726584e+04 
       1.425652486702e-02       2.465105285967e+04 
       1.438739723581e-02       2.467269445723e+04 
       1.449275362319e-02       2.468866245149e+04 
       1.451830678571e-02       2.469233549698e+04 
       1.464925374020e-02       2.471002253877e+04 
       1.478023834441e-02       2.472576378013e+04 
       1.491126086498e-02       2.473959398821e+04 
       1.504232158981e-02       2.475153632538e+04 
       1.517342082791e-02       2.476162126815e+04 
       1.530455890930e-02       2.476986991398e+04 
       1.543573618486e-02       2.477631631484e+04 
       1.556695302630e-02       2.478097763994e+04 
       1.569820982603e-02       2.478388326213e+04 
       1.582950699718e-02       2.478505334946e+04 
       1.596084497356e-02       2.478452172830e+04 
       1.609222420969e-02       2.478230725845e+04 
       1.622364518078e-02       2.477843275917e+04 
       1.635510838282e-02       2.477292900641e+04 
       1.648661433265e-02       2.476581221704e+04 
       1.661816356800e-02       2.475710915390e+04 
       1.674975664765e-02       2.474682874034e+04 
       1.688139415151e-02       2.473504710574e+04 
       1.701307668080e-02       2.472172143637e+04 
       1.714480485816e-02       2.470691303882e+04 
       1.727657932788e-02       2.469062909001e+04 
       1.740840075606e-02       2.467289826388e+04 
       1.754026983083e-02       2.465374495394e+04 
       1.767218726260e-02       2.463316673905e+04 
       1.780415378424e-02       2.461122859957e+04 
       1.793617015142e-02       2.458793743898e+04 
       1.806823714286e-02       2.456329763467e+04 
       1.820035556059e-02       2.453733645081e+04 
       1.833252623031e-02       2.451006718788e+04 
       1.846475000170e-02       2.448153546170e+04 
       1.859702774877e-02       2.445174912884e+04 
       1.872936037020e-02       2.442073373640e+04 
       1.886174878976e-02       2.438850538983e+04 
       1.899419395666e-02       2.435507737276e+04 
       1.912669684601e-02       2.432045243107e+04 
       1.925925845921e-02       2.428470991447e+04 
       1.939187982442e-02       2.424781342338e+04 
       1.952456199702e-02       2.420979710477e+04 
       1.965730606011e-02       2.417069189491e+04 
       1.979011312499e-02       2.413051246098e+04 
       1.992298433167e-02       2.408928040597e+04 
       2.005592084945e-02       2.404699095179e+04 
       2.018892387747e-02       2.400369717828e+04 
       2.032199464525e-02       2.395939552629e+04 
       2.045513441333e-02       2.391412132872e+04 
       2.058834447387e-02       2.386784958104e+04 
       2.072162615132e-02       2.382065274678e+04 
       2.085498080302e-02       2.377252199376e+04 
       2.098840981994e-02       2.372348755151e+04 
       2.112191462737e-02       2.367352704503e+04 
       2.125549668563e-02       2.362273211497e+04 
       2.138915749085e-02       2.357102905244e+04 
       2.152289857573e-02       2.351853402202e+04 
       2.165672151034e-02       2.346517736639e+04 
       2.179062790295e-02       2.341103279932e+04 
       2.192461940087e-02       2.335606665440e+04 
       2.205869769138e-02       2.330033043339e+04 
       2.219286450254e-02       2.324384745925e+04 
       2.232712160423e-02       2.318663005270e+04 
       2.246147080905e-02       2.312867415636e+04 
       2.259591397332e-02       2.306995520100e+04 
       2.273045299813e-02       2.301061026750e+04 
       2.286508983037e-02       2.295055851620e+04 
       2.299982646385e-02       2.288983917129e+04 
       2.313466494041e-02       2.282847847204e+04 
       2.326960735105e-02       2.276647057825e+04 
       2.340465583717e-02       2.270381762991e+04 
       2.353981259181e-02       2.264058914686e+04 
       2.367507986086e-02       2.257674473294e+04 
       2.381045994443e-02       2.251231075613e+04 
       2.394595519819e-02       2.244737249830e+04 
       2.408156803474e-02       2.238187044068e+04 
       2.421730092510e-02       2.231579662531e+04 
       2.435315640014e-02       2.224920246795e+04 
       2.448913705218e-02       2.218213006827e+04 
       2.462524553649e-02       2.211451907906e+04 
       2.476148457300e-02       2.204642811819e+04 
       2.489785694796e-02       2.197792068698e+04 
       2.503436551566e-02       2.190897472696e+04 
       2.517101320028e-02       2.183949479696e+04 
       2.530780299770e-02       2.176964106027e+04 
       2.544473797743e-02       2.169937018025e+04 
       2.558182128461e-02       2.162867550469e+04 
       2.571905614206e-02       2.155760540502e+04 
       2.585644585238e-02       2.148614590646e+04 
       2.599399380014e-02       2.141430238934e+04 
       2.613170345416e-02       2.134211172695e+04 
       2.626957836985e-02       2.126957391432e+04 
       2.640762219159e-02       2.119675837544e+04 
       2.654583865529e-02       2.112353617585e+04 
       2.668423159097e-02       2.105003118735e+04 
       2.682280492538e-02       2.097626128469e+04 
       2.696156268488e-02       2.090217759984e+04 
       2.710050899822e-02       2.082782580571e+04 
       2.723964809955e-02       2.075317369062e+04 
       2.737898433152e-02       2.067828282477e+04 
       2.751852214844e-02       2.060314174885e+04 
       2.765826611962e-02       2.052779498597e+04 
       2.779822093278e-02       2.045221812732e+04 
       2.793839139761e-02       2.037642677625e+04 
       2.807878244945e-02       2.030037222704e+04 
       2.821939915313e-02       2.022417779139e+04 
       2.836024670693e-02       2.014777945395e+04 
       2.850133044671e-02       2.007118216464e+04 
       2.864265585015e-02       1.999444251602e+04 
       2.878422854125e-02       1.991752323559e+04 
       2.892605429489e-02       1.984043784687e+04 
       2.906813904165e-02       1.976325712022e+04 
       2.921048887277e-02       1.968591833135e+04 
       2.935311004534e-02       1.960844627101e+04 
       2.949600898770e-02       1.953085497327e+04 
       2.963919230502e-02       1.945318911932e+04 
       2.978266678511e-02       1.937540496937e+04 
       2.992643940455e-02       1.929751993091e+04 
       3.007051733493e-02       1.921950755512e+04 
       3.021490794948e-02       1.914147885302e+04 
       3.035961882993e-02       1.906335271324e+04 
       3.050465777360e-02       1.898514153417e+04 
       3.065003280092e-02       1.890692476622e+04 
       3.079575216314e-02       1.882859728683e+04 
       3.094182435048e-02       1.875024982134e+04 
       3.108825810057e-02       1.867187849119e+04 
       3.123506240729e-02       1.859347514875e+04 
       3.138224653001e-02       1.851506606762e+04 
       3.152982000319e-02       1.843663581613e+04 
       3.167779264652e-02       1.835809124822e+04 
       3.182617457542e-02       1.827966231426e+04 
       3.197497621211e-02       1.820121036459e+04 
       3.212420829708e-02       1.812272351117e+04 
       3.227388190124e-02       1.804426452121e+04 
       3.242400843858e-02       1.796583215385e+04 
       3.257459967937e-02       1.788739625298e+04 
       3.272566776415e-02       1.780899824399e+04 
       3.287722521826e-02       1.773065301793e+04 
       3.302928496716e-02       1.765234620907e+04 
       3.318186035254e-02       1.757397573126e+04 
       3.333496514912e-02       1.749573927247e+04 
       3.348861358247e-02       1.741754832381e+04 
       3.364282034761e-02       1.733941380592e+04 
       3.379760062863e-02       1.726131036139e+04 
       3.395297011936e-02       1.718326662375e+04 
       3.410894504507e-02       1.710532926676e+04 
       3.426554218541e-02       1.702738967336e+04 
       3.442277889853e-02       1.694954737503e+04 
       3.458067314653e-02       1.687179944106e+04 
       3.473924352237e-02       1.679413689245e+04 
       3.489850927820e-02       1.671648990014e+04 
       3.505849035534e-02       1.663900068669e+04 
       3.521920741601e-02       1.656150994319e+04 
       3.538068187678e-02       1.648414622822e+04 
       3.554293594411e-02       1.640686040847e+04 
       3.570599265188e-02       1.632971128755e+04 
       3.586987590125e-02       1.625260182372e+04 
       3.603461050288e-02       1.617559071005e+04 
       3.620022222175e-02       1.609867600039e+04 
       3.636673782475e-02       1.602186723306e+04 
       3.653418513129e-02       1.594512531008e+04 
       3.670259306711e-02       1.586852439253e+04 
       3.687199172149e-02       1.579196512645e+04 
       3.704241240831e-02       1.571555727355e+04 
       3.721388773101e-02       1.563921354936e+04 
       3.738645165197e-02       1.556300475960e+04 
       3.756013956659e-02       1.548681995145e+04 
       3.773498838238e-02       1.541081445018e+04 
       3.791103660361e-02       1.533486345707e+04 
       3.808832442192e-02       1.525897592212e+04 
       3.826689381338e-02       1.518319797874e+04 
       3.844678864257e-02       1.510760401289e+04 
       3.862805477434e-02       1.503207603797e+04 
       3.881074019387e-02       1.495655629026e+04 
       3.899489513577e-02       1.488117382900e+04 
       3.918057222317e-02       1.480585564555e+04 
       3.936782661753e-02       1.473066874860e+04 
       3.955671618032e-02       1.465553999713e+04 
       3.974730164770e-02       1.458046348143e+04 
       3.993964681935e-02       1.450546561198e+04 
       4.013381876301e-02       1.443061158601e+04 
       4.032988803607e-02       1.435572294538e+04 
       4.052792892625e-02       1.428096145016e+04 
       4.072801971300e-02       1.420624825649e+04 
       4.093024295208e-02       1.413160380303e+04 
       4.113468578558e-02       1.405698114112e+04 
       4.134144028033e-02       1.398242407799e+04 
       4.155060379763e-02       1.390785570700e+04 
       4.176227939797e-02       1.383338381948e+04 
       4.197657628467e-02       1.375891469196e+04 
       4.219361029095e-02       1.368442618184e+04 
       4.241350441563e-02       1.361001457780e+04 
       4.263638941325e-02       1.353555539565e+04 
       4.286240444534e-02       1.346110781751e+04 
       4.309169780052e-02       1.338665334658e+04 
       4.332442769209e-02       1.331212311183e+04 
       4.356076314340e-02       1.323759547408e+04 
       4.380088497240e-02       1.316303805414e+04 
       4.404498688909e-02       1.308836326321e+04 
       4.429327672121e-02       1.301363868294e+04 
       4.454597778650e-02       1.293883713854e+04 
       4.480333043253e-02       1.286387293401e+04 
       4.506559376895e-02       1.278887701733e+04 
       4.533304762093e-02       1.271371109428e+04 
       4.560599473824e-02       1.263835772802e+04 
       4.588476329991e-02       1.256287236712e+04 
       4.616970976244e-02       1.248714816708e+04 
       4.646122210828e-02       1.241120234342e+04 
       4.675972356217e-02       1.233506076782e+04 
       4.706567685674e-02       1.225860865106e+04 
       4.737958914479e-02       1.218184348111e+04 
       4.770201767611e-02       1.210475339284e+04 
       4.803357638187e-02       1.202729750469e+04 
       4.837494354041e-02       1.194939515179e+04 
       4.872687073731e-02       1.187107438000e+04 
       4.909019338088e-02       1.179222065950e+04 
       4.946584309549e-02       1.171283738001e+04 
       4.985486239192e-02       1.163280656079e+04 
       5.025842211141e-02       1.155212303929e+04 
       5.067784226391e-02       1.147066861126e+04 
       5.111461703865e-02       1.138836353113e+04 
       5.157044496582e-02       1.130511196935e+04 
       5.204726546434e-02       1.122081110179e+04 
       5.254730333605e-02       1.113533589086e+04 
       5.307312317779e-02       1.104847904769e+04 
       5.362769619685e-02       1.096010380715e+04 
       5.421448254396e-02       1.087000533668e+04 
       5.483753302069e-02       1.077784876162e+04 
       5.550161483578e-02       1.068338085113e+04 
       5.621236685917e-02       1.058607096431e+04 
       5.697649026558e-02       1.048551193325e+04 
       5.780197994418e-02       1.038101896667e+04 
       5.869839929942e-02       1.027168923296e+04 
       5.967719360637e-02       1.015638887134e+04 
       6.075202039364e-02       1.003357599796e+04 
       6.193904182044e-02       9.901222306371e+03 
       6.325706278833e-02       9.756582707865e+03 
       6.472729914943e-02       9.595949112631e+03 
       6.637242881919e-02       9.414495373737e+03 
       6.821447790535e-02       9.206242179073e+03 
       7.027120623908e-02       8.964235887546e+03 
       7.255127732672e-02       8.681732728635e+03 
       7.504972585530e-02       8.354004396601e+03 
       7.774630822446e-02       7.980754628769e+03 
       8.060862224015e-02       7.567968598725e+03 
       8.359900528026e-02       7.127995022741e+03 
       8.668172069278e-02       6.677643819805e+03 
       8.982743405100e-02       6.235172346320e+03 
       9.301442977493e-02       5.817300968731e+03 
       9.622773700232e-02       5.437139362347e+03 
       9.945751139537e-02       5.103073049891e+03 
       1.026974739223e-01       4.818708335814e+03 
       1.059436957830e-01       4.583295675720e+03 
       1.091937478011e-01       4.392556856364e+03 
       1.124461388965e-01       4.239667906745e+03 
       1.156999577935e-01       4.116090472342e+03 
       1.189546489666e-01       4.012610485136e+03 
       1.222098742094e-01       3.919991818307e+03 
       1.254654277220e-01       3.829822927777e+03 
       1.287211842536e-01       3.735183376489e+03 
       1.319770675153e-01       3.631168830663e+03 
       1.352330309695e-01       3.515185345725e+03 
       1.384890461567e-01       3.386990844427e+03 
       1.417450956072e-01       3.248430299406e+03 
       1.449275362319e-01       3.106277900278e+03 
       1.450011685359e-01       3.102943403139e+03 
       1.482572582289e-01       2.954943420338e+03 
       1.515133604560e-01       2.809151216099e+03 
       1.547694725068e-01       2.669999262489e+03 
       1.580255926037e-01       2.541173213916e+03 
       1.612817195460e-01       2.425293602313e+03 
       1.645378524917e-01       2.323798624125e+03 
       1.677939908254e-01       2.236950392957e+03 
       1.710501340766e-01       2.163946319336e+03 
       1.743062818700e-01       2.103123974822e+03 
       1.775624338943e-01       2.052201440817e+03 
       1.808185898828e-01       2.008532074732e+03 
       1.840747496015e-01       1.969359327652e+03 
       1.873309128408e-01       1.932599202395e+03 
       1.905870794106e-01       1.895372362802e+03 
       1.938432491369e-01       1.855791615754e+03 
       1.970994218589e-01       1.812623896006e+03 
       2.003555974275e-01       1.765362132623e+03 
       2.036117757039e-01       1.714229473999e+03 
       2.068679565588e-01       1.660053670616e+03 
       2.101241398708e-01       1.604080542452e+03 
       2.133803255263e-01       1.547716921996e+03 
       2.166365134188e-01       1.492402331495e+03 
       2.198927034481e-01       1.439339398562e+03 
       2.231488955198e-01       1.389539858996e+03 
       2.264050895452e-01       1.343717999077e+03 
       2.296612854406e-01       1.302299056663e+03 
       2.329174831271e-01       1.265416528942e+03 
       2.361736825299e-01       1.232910864775e+03 
       2.394298835787e-01       1.204350429481e+03 
       2.426860862066e-01       1.179074431678e+03 
       2.459422903507e-01       1.156274815972e+03 
       2.491984959510e-01       1.135083577726e+03 
       2.524547029508e-01       1.114673676942e+03 
       2.557109112964e-01       1.094337346256e+03 
       2.589671209366e-01       1.073536183163e+03 
       2.622233318230e-01       1.051920504611e+03 
       2.654795439094e-01       1.029321297791e+03 
       2.687357571520e-01       1.005750245341e+03 
       2.719919715088e-01       9.813538446769e+02 
       2.752481869403e-01       9.564112059874e+02 
       2.785044034084e-01       9.313109748365e+02 
       2.817606208770e-01       9.064835979554e+02 
       2.850168393116e-01       8.823632462729e+02 
       2.882730586794e-01       8.593285922417e+02 
       2.915292789488e-01       8.376619575747e+02 
       2.947855000899e-01       8.175214249414e+02 
       2.980417220738e-01       7.989416933407e+02 
       3.012979448732e-01       7.818549169141e+02 
       3.045541684617e-01       7.661193962940e+02 
       3.078103928142e-01       7.515431324671e+02 
       3.110666179065e-01       7.379066445797e+02 
       3.143228437156e-01       7.249732482990e+02 
       3.175790702192e-01       7.125044546242e+02 
       3.208352973961e-01       7.002723546448e+02 
       3.240915252260e-01       6.880809056705e+02 
       3.273477536892e-01       6.757844851760e+02 
       3.306039827669e-01       6.633034276757e+02 
       3.338602124411e-01       6.506258420314e+02 
       3.371164426943e-01       6.377999219246e+02 
       3.403726735100e-01       6.249139670986e+02 
       3.436289048721e-01       6.120781109985e+02 
       3.468851367650e-01       5.994039497217e+02 
       3.501413691739e-01       5.870026379510e+02 
       3.533976020844e-01       5.749659324232e+02 
       3.566538354829e-01       5.633799437290e+02 
       3.599100693559e-01       5.523083285752e+02 
       3.631663036906e-01       5.417907196864e+02 
       3.664225384747e-01       5.318360453679e+02 
       3.696787736963e-01       5.224162468883e+02 
       3.729350093439e-01       5.134757233489e+02 
       3.761912454062e-01       5.049361566453e+02 
       3.794474818727e-01       4.967103524407e+02 
       3.827037187329e-01       4.887210613816e+02 
       3.859599559769e-01       4.809000256467e+02 
       3.892161935949e-01       4.731972782495e+02 
       3.924724315777e-01       4.655760750451e+02 
       3.957286699161e-01       4.580108091968e+02 
       3.989849086015e-01       4.504848828433e+02 
       4.022411476254e-01       4.429928763706e+02 
       4.054973869796e-01       4.355424206994e+02 
       4.087536266561e-01       4.281546037784e+02 
       4.120098666473e-01       4.208616401390e+02 
       4.152661069458e-01       4.136993308121e+02 
       4.185223475443e-01       4.067009297872e+02 
       4.217785884360e-01       3.998909290081e+02 
       4.250348296139e-01       3.932834966255e+02 
       4.282910710717e-01       3.868829156607e+02 
       4.315473128028e-01       3.806880973048e+02 
       4.348035548012e-01       3.746959333877e+02 
       4.380597970609e-01       3.689005951174e+02 
       4.413160395760e-01       3.632944319633e+02 
       4.445722823409e-01       3.578635888544e+02 
       4.478285253503e-01       3.525881796343e+02 
       4.510847685986e-01       3.474449289512e+02 
       4.543410120809e-01       3.424072585363e+02 
       4.575972557920e-01       3.374533285351e+02 
       4.608534997271e-01       3.325678387603e+02 
       4.641097438815e-01       3.277421544198e+02 
       4.673659882506e-01       3.229761129893e+02 
       4.706222328299e-01       3.182690458964e+02 
       4.738784776151e-01       3.136237824866e+02 
       4.771347226018e-01       3.090415561641e+02 
       4.803909677861e-01       3.045260720258e+02 
       4.836472131640e-01       3.000830025795e+02 
       4.869034587314e-01       2.957208724784e+02 
       4.901597044847e-01       2.914507315874e+02 
       4.934159504200e-01       2.872825328752e+02 
       4.966721965340e-01       2.832223877669e+02 
       4.999284428230e-01       2.792707971789e+02 
       5.031846892836e-01       2.754228155242e+02 
       5.064409359125e-01       2.716704166060e+02 
       5.096971827065e-01       2.680048985488e+02 
       5.129534296624e-01       2.644188079218e+02 
       5.162096767772e-01       2.609068081609e+02 
       5.194659240478e-01       2.574641125139e+02 
       5.227221714714e-01       2.540854661287e+02 
       5.259784190450e-01       2.507649624037e+02 
       5.292346667659e-01       2.474953790605e+02 
       5.324909146314e-01       2.442711876265e+02 
       5.357471626389e-01       2.410893926221e+02 
       5.390034107857e-01       2.379507299095e+02 
       5.422596590694e-01       2.348583305302e+02 
       5.455159074875e-01       2.318164974018e+02 
       5.487721560376e-01       2.288282845026e+02 
       5.520284047173e-01       2.258946267943e+02 
       5.552846535243e-01       2.230146711395e+02 
       5.585409024565e-01       2.201867034808e+02 
       5.617971515117e-01       2.174097616077e+02 
       5.650534006877e-01       2.146844876269e+02 
       5.683096499823e-01       2.120119741670e+02 
       5.715658993937e-01       2.093932086550e+02 
       5.748221489198e-01       2.068277475758e+02 
       5.780783985587e-01       2.043128927955e+02 
       5.813346483084e-01       2.018444613595e+02 
       5.845908981671e-01       1.994181494007e+02 
       5.878471481330e-01       1.970308469819e+02 
       5.911033982043e-01       1.946810382456e+02 
       5.943596483793e-01       1.923688606249e+02 
       5.976158986563e-01       1.900940486339e+02 
       6.008721490336e-01       1.878562799172e+02 
       6.041283995096e-01       1.856535008676e+02 
       6.073846500827e-01       1.834836508146e+02 
       6.106409007513e-01       1.813444200894e+02 
       6.138971515139e-01       1.792353007676e+02 
       6.171534023690e-01       1.771570329736e+02 
       6.204096533152e-01       1.751115371990e+02 
       6.236659043511e-01       1.731003570035e+02 
       6.269221554752e-01       1.711242211027e+02 
       6.301784066861e-01       1.691822194549e+02 
       6.334346579825e-01       1.672725197583e+02 
       6.366909093632e-01       1.653930689880e+02 
       6.399471608267e-01       1.635428210522e+02 
       6.432034123720e-01       1.617220144646e+02 
       6.464596639976e-01       1.599309891441e+02 
       6.497159157024e-01       1.581698856814e+02 
       6.529721674852e-01       1.564380744231e+02 
       6.562284193449e-01       1.547340401977e+02 
       6.594846712803e-01       1.530553473348e+02 
       6.627409232903e-01       1.514001780522e+02 
       6.659971753738e-01       1.497676061458e+02 
       6.692534275297e-01       1.481577821247e+02 
       6.725096797569e-01       1.465715108011e+02 
       6.757659320545e-01       1.450093585322e+02 
       6.790221844214e-01       1.434713199710e+02 
       6.822784368567e-01       1.419563045231e+02 
       6.855346893592e-01       1.404627098597e+02 
       6.887909419282e-01       1.389895631563e+02 
       6.920471945626e-01       1.375364503277e+02 
       6.953034472615e-01       1.361039383990e+02 
       6.985597000240e-01       1.346928731181e+02 
       7.018159528493e-01       1.333038584377e+02 
       7.050722057365e-01       1.319365670029e+02 
       7.083284586846e-01       1.305898856258e+02 
       7.115847116929e-01       1.292624548229e+02 
       7.148409647606e-01       1.279530039980e+02 
       7.180972178868e-01       1.266610763294e+02 
       7.213534710707e-01       1.253869805029e+02 
       7.246097243116e-01       1.241310879557e+02 
       7.278659776087e-01       1.228939114817e+02 
       7.311222309613e-01       1.216749383244e+02 
       7.343784843685e-01       1.204730042391e+02 
       7.376347378297e-01       1.192869500047e+02 
       7.408909913442e-01       1.181158611575e+02 
       8.034868125329e-01       9.840751078679e+01 
       8.906676422973e-01       7.787451030940e+01 
       1.024486229509e+00       5.644763967959e+01 
       1.241385322182e+00       3.606099614786e+01 
       1.555309493289e+00       2.112051971696e+01 
